              precision    recall  f1-score   support

           0       0.00      0.00      0.00         7
           1       0.00      0.00      0.00         7
           2       0.00      0.00      0.00         8
           3       0.25      0.08      0.12        13
           4       0.19      0.25      0.21        12
           5       0.00      0.00      0.00         7
           6       0.00      0.00      0.00        11
           7       0.17      0.20      0.18        10
           8       0.10      0.07      0.08        14
           9       0.60      0.30      0.40        10
           A       0.41      0.47      0.44        30
           B       0.30      0.40      0.34        20
           C       0.00      0.00      0.00        14
           D       0.00      0.00      0.00         7
           E       0.29      0.56      0.38         9
           F       0.11      0.14      0.12         7
           G       0.08      0.12      0.10         8
           H       0.09      0.07      0.08        15
           I       0.22      0.25      0.24         8
           J       0.25      0.18      0.21        11
           K       0.61      0.65      0.63        17
           L       0.20      0.14      0.17         7
           M       0.67      0.25      0.36         8
           N       0.50      0.12      0.20         8
           O       0.12      0.43      0.19         7
           P       0.50      0.43      0.46         7
           Q       1.00      1.00      1.00         7
           R       0.60      0.30      0.40        10
           S       0.25      0.36      0.30        11
           T       0.00      0.00      0.00         8
           U       0.40      0.57      0.47         7
           V       0.29      0.25      0.27         8
           W       0.43      0.86      0.57         7
           X       0.50      0.71      0.59         7
           Y       0.29      0.71      0.42         7
           Z       0.00      0.00      0.00         9

    accuracy                           0.28       363
   macro avg       0.26      0.27      0.25       363
weighted avg       0.27      0.28      0.26       363
