              precision    recall  f1-score   support

         0,0       0.00      0.00      0.00         7
         1,1       0.00      0.00      0.00         7
         2,2       0.00      0.00      0.00         8
         3,3       0.00      0.00      0.00        13
         4,4       0.00      0.00      0.00        12
         5,5       0.00      0.00      0.00         7
         6,6       0.00      0.00      0.00        11
         7,7       0.00      0.00      0.00        10
         8,8       0.00      0.00      0.00        14
         9,9       0.00      0.00      0.00        10
        10,A       1.00      0.03      0.06        30
        11,B       0.00      0.00      0.00        20
        12,C       0.00      0.00      0.00        14
        13,D       0.00      0.00      0.00         7
        14,E       0.00      0.00      0.00         9
        15,F       0.02      0.71      0.04         7
        16,G       0.00      0.00      0.00         8
        17,H       0.00      0.00      0.00        15
        18,I       0.06      0.12      0.08         8
        19,J       0.00      0.00      0.00        11
        20,K       0.00      0.00      0.00        17
        21,L       0.01      0.14      0.02         7
        22,M       0.00      0.00      0.00         8
        23,N       0.00      0.00      0.00         8
        24,O       0.00      0.00      0.00         7
        25,P       0.18      0.29      0.22         7
        26,Q       0.00      0.00      0.00         7
        27,R       0.00      0.00      0.00        10
        28,S       0.00      0.00      0.00        11
        29,T       0.00      0.00      0.00         8
        30,U       0.00      0.00      0.00         7
        31,V       0.00      0.00      0.00         8
        32,W       0.00      0.00      0.00         7
        33,X       0.00      0.00      0.00         7
        34,Y       0.00      0.00      0.00         7
        35,Z       0.00      0.00      0.00         9

    accuracy                           0.03       363
   macro avg       0.04      0.04      0.01       363
weighted avg       0.09      0.03      0.01       363
